NOTATKI DO PLIKU
A29_Fuzzy_10AS066N3F40E2SG1_3ch_beta_rise_fall_AoT_synchro_stp_sim_64k_vsim
3_channels.txt

=========================================================================
=========================================================================
=========================================================================
=========================================================================
1 PRZYPADEK
=========================================================================
=========================================================================
=========================================================================
=========================================================================


21580000       1     151      0
21585000       0      31      0
21590000      10      10      0
21595000      23       7      1
21600000       6       7      0
21605000       2       2      1
21610000       0      16      0
21615000      17       6      1
21620000      38       1      0
21625000       7       0      0
21630000       2       0      0
21635000       1       0      0
21640000       0       0      0
21645000       0       1      0
21650000       0      11      0
21655000       0       2      0
21660000       0       1      0
21665000       0       0      0
21720000       0       0      1
21725000       0       0      0
21740000       0       0      1
21745000       0       0      0
21750000      22       1      0
23280000     334      10    268
23285000     299      74    187
23290000     169     170    117
23295000     126     194     92
23300000     131     186    153
23305000      73     161    161
23310000     138      90    183
23315000     137     189    175
23320000     161     194     73
23325000     144      68     34
23330000     150      59     61
23335000      44     104     44
23340000      77      70     25
23345000      54      61     25
23350000      32      80      9
23355000      24      36     27
23360000      20      23     34
23365000      76     102     24
23370000      43      89     26
23375000      31      58     70
23380000      66      91     36
23385000      23      60     22
23390000      44     397     21
23395000     717     605     71
23400000     666     517    242
23405000     483     324    331
23410000     285     245    193
23415000     243     268    186
23420000     303     341    218
23425000     311     304    188
23430000     271     190    207
23435000     191     141    238
23440000     178      80     94
23445000     211      63    122
23450000      82      53    114
23455000      95      42    108
23460000      63      48     41
23465000      51      23     44
23470000     128      35     63
23475000      39      41     56
23480000      41      26     35
23485000      97      12     37
23490000      45       5     18
23495000      37       5     55
23500000      14      13     57
23505000      10       9     22
23510000      24       2     13
23515000       8       4     59
23520000       1      27     67



Stosując rozpiętość okna czasowego na poziomie 24 wartości otrzymujemy inne wartości niż w symulatorze

Rozważmy kanał A
Zauważyliśmy że w symulatorze dla Rise_speed_synchro brana jest wartość maksymalna z wcześniejszego okna czasowego (w tym przypadku jest to 334) Jest to pierwsza i zarazem największa wartość więc dla kanału A Rise_speed_synchro uzyskujemy 334. Natomiast symulator dla Fall_speed_synchro jako Dmax  pobiera już wartość 717. Następnie dzieląc to przez 14 i mnożąc przez 8 otrzymujemy 409. Zatem dla tych dwóch estymatorów nie jest brana ta sama wartość DMAX.

Zmiana okna czasowego na 20 wartości

Wstępnie w naszym programie również zastosowaliśmy okno czasowe o wartości 24, jednak zmieniliśmy tę wartość na 20. Otrzymaliśmy takie wyniki:


21580000       1     151      0
21585000       0      31      0
21590000      10      10      0
21595000      23       7      1
21600000       6       7      0
21605000       2       2      1
21610000       0      16      0
21615000      17       6      1
21620000      38       1      0
21625000       7       0      0
21630000       2       0      0
21635000       1       0      0
21640000       0       0      0
21645000       0       1      0
21650000       0      11      0
21655000       0       2      0
21660000       0       1      0
21665000       0       0      0
21720000       0       0      1
23280000     334      10    268
23285000     299      74    187
23290000     169     170    117
23295000     126     194     92
23300000     131     186    153
23305000      73     161    161
23310000     138      90    183
23315000     137     189    175
23320000     161     194     73
23325000     144      68     34
23330000     150      59     61
23335000      44     104     44
23340000      77      70     25
23345000      54      61     25
23350000      32      80      9
23355000      24      36     27
23360000      20      23     34
23365000      76     102     24
23370000      43      89     26
23375000      31      58     70
23380000      66      91     36

 CHANNEL 1 -------
DMAX: 334
Beta: -297
Rise_speed_synchro: 334
Fall_speed_synchro: 205
AoT: 802

CHANNEL 2 -------
DMAX: 194
Beta: -16
Rise_speed_synchro: 64
Fall_speed_synchro: 97
AoT: 1602

CHANNEL 3 -------
DMAX: 268
Beta: -97
Rise_speed_synchro: 268
Fall_speed_synchro: 214
AoT: 1127

23390000      44     397     21
23395000     717     605     71
23400000     666     517    242
23405000     483     324    331
23410000     285     245    193
23415000     243     268    186
23420000     303     341    218
23425000     311     304    188
23430000     271     190    207
23435000     191     141    238
23440000     178      80     94
23445000     211      63    122
23450000      82      53    114
23455000      95      42    108
23460000      63      48     41
23465000      51      23     44
23470000     128      35     63
23475000      39      41     56
23480000      41      26     35
23485000      97      12     37
23490000      45       5     18

 CHANNEL 1 -------
DMAX: 717
Beta: -225
Rise_speed_synchro: 717
Fall_speed_synchro: 358
AoT: 1866

CHANNEL 2 -------
DMAX: 605
Beta: -147
Rise_speed_synchro: 302
Fall_speed_synchro: 440
AoT: 2488

CHANNEL 3 -------
DMAX: 331
Beta: -65
Rise_speed_synchro: 165
Fall_speed_synchro: 203
AoT: 1803


Jak widać zmniejszenie okna czasowego spowodowało że dość długi okres sygnału został podzielony na 2 częsci. Przy wartości 24 wartość 717 dla kanału A zawierała się na końcu okna co mogło powodować nieścisłości. Sprawdziliśmy również czy zmniejszenie tej wartości z 24 na 20 wpłynęło na dane o bardziej ustandaryzowanej strukturze i dla nich wartości estymatorów nie zostąły zaburzone.


=========================================================================
=========================================================================
=========================================================================
=========================================================================
2 PRZYPADEK
=========================================================================
=========================================================================
=========================================================================
=========================================================================
Model sim 36us
36075000      31     365     11
36080000     238     490     67
36085000     287     273    120
36090000     264     271    230
36095000     360     396    217
36100000     317     232    227
36105000     190     203    238
36110000     285     162    158
36115000     225      69    177
36120000     136      94    145
36125000      87     118    116
36130000      68      58     91
36135000      45 <-      57    145
36140000      39 <-      79     62
36145000      95     106     33
36150000      88      52     48
36155000     102      48     54
36160000      84      58     64
36165000      45      17     52
36170000      37       7     13
36175000      33       4      6

 CHANNEL 1 -------
DMAX: 360
Beta: -157
Rise_speed_synchro: 90
Fall_speed_synchro: 221
AoT: 2166

CHANNEL 2 -------
DMAX: 490
Beta: -129
Rise_speed_synchro: 245
Fall_speed_synchro: 261
AoT: 1795

CHANNEL 3 -------
DMAX: 238
Beta: -170
Rise_speed_synchro: 47
Fall_speed_synchro: 146
AoT: 1657

Dla wartości zaznaczonych strzałkami Model sim zlicza te wartości. Nasz program po wartości 68 przestaje zliczać wartości, które maja należeć do fall speed

=========================================================================
=========================================================================
=========================================================================
=========================================================================
3 PRZYPADEK
=========================================================================
=========================================================================
=========================================================================
=========================================================================


548075000 kanał 2 i 3 fall speed, Model sim bierze inną ilośc wartości niż nasz program

548075000       3     211      6
548080000       6     449     12
548085000     139     330    385
548090000     230     231    567
548095000     342     243    323
548100000     290     358    244
548105000     203     288    342
548110000     179     233    316
548115000     171     201    183
548120000     162     144    179
548125000     111     207    148
548130000      50     166    119
548135000     156      90     95
548140000      82     109     68
548145000     136     122     74
548150000      49      40     60
548155000      65      33     46
548160000      63      40     72
548165000      19      53     52
548170000      25      62     27
548175000      12      15     10

 CHANNEL 1 -------
DMAX: 342
Beta: -156
Rise_speed_synchro: 114
Fall_speed_synchro: 456
AoT: 1244

CHANNEL 2 -------
DMAX: 449
Beta: -56
Rise_speed_synchro: 224
Fall_speed_synchro: 276
AoT: 2132

CHANNEL 3 -------
DMAX: 567
Beta: -154
Rise_speed_synchro: 283
Fall_speed_synchro: 378
AoT: 1933
